
videoDevicePath: "/dev/video6"
width:          640
height:         480
brightness:     0
contrast:       50
saturation:     255
hue:            130
flipped_camera: False

mtx:  [[592.156892, 0.000000, 326.689246], [0.000000, 584.923917, 282.822026], [0.000000, 0.000000, 1.000000]]
dist: [-0.585868, 0.248490, -0.023236, -0.002907, 0.000000]

reference_velocity: 0.3
numMovingAveragePoints: 5
furthest_distance: 0.45
camera_offset_distance: 0.2

loop_rate:                   30
colorFilter:                 True 
overlayPointsOnColoredImage: True
kernel_size:                 11

lower_red: [90,0,0]
upper_red: [255,140,50]

lower_white: [255,255,255]
upper_white: [255,255,255]

boxsize: 10
numStepsToLookAhead: 7
converge_limit: 100

bMatrix:                    [-152.381,319.5918,-209.0476,41.0882]
f1Matrix:                   [44.3368,-16.9179,-4.7394,-0.005]
f2Matrix:                   [-2.6786e+03,8.1735e+03,-8.8625e+03,3.8432e+03]
xInertial_to_yPixel_Matrix: [916.6667,-2.3536e+03,2.1683e+03,-502.4286]
yPixel_to_xInertial_Matrix: [1.3907e-07,-4.194e-05,0.0060,0.1542]
