
videoDevicePath: "/dev/video6"
width:          640
height:         480
brightness:     0
contrast:       50
saturation:     255
hue:            130
flipped_camera: False

mtx:  [[592.156892, 0.000000, 326.689246], [0.000000, 584.923917, 282.822026], [0.000000, 0.000000, 1.000000]]
dist: [-0.585868, 0.248490, -0.023236, -0.002907, 0.000000]

reference_velocity: 0.3
numMovingAveragePoints: 5
furthest_distance: 0.45
camera_offset_distance: 0.40

loop_rate:                   30
colorFilter:                 True 
overlayPointsOnColoredImage: True
kernel_size:                 11

lower_red: [90,0,0]
upper_red: [255,140,50]

lower_white: [255,255,255]
upper_white: [255,255,255]

boxsize: 10
numStepsToLookAhead: 7
converge_limit: 100

bMatrix:                    [121.4286,-275.8163,207.8571,-48.7322]
f1Matrix:                   [-24.9029,-50.1717,11.0240,-0.0249]
f2Matrix:                   [-3.2262e+03,9.8714e+03,-1.0633e+04,4.4753e+03]
xInertial_to_yPixel_Matrix: [916.6667,-2.4393e+03,2.3183e+03,-647.9143]
yPixel_to_xInertial_Matrix: [1.5637e-07,-1.2987e-05,0.0023,0.4653]
