
videoDevicePath: "/dev/video6"
width:          640
height:         480
brightness:     0
contrast:       50
saturation:     255
hue:            130
flipped_camera: False

mtx:  [[592.156892, 0.000000, 326.689246], [0.000000, 584.923917, 282.822026], [0.000000, 0.000000, 1.000000]]
dist: [-0.585868, 0.248490, -0.023236, -0.002907, 0.000000]

reference_velocity: 0.3
numMovingAveragePoints: 5
furthest_distance: 0.45
camera_offset_distance: 0.4

loop_rate:                   30
colorFilter:                 True 
overlayPointsOnColoredImage: True
kernel_size:                 11

lower_red: [90,0,0]
upper_red: [255,140,50]

lower_white: [255,255,255]
upper_white: [255,255,255]

boxsize: 10
numStepsToLookAhead: 7
converge_limit: 100

bMatrix:                    [-16.666666666661950,28.673469387745456,-13.333333333326921,3.737959183672076]
f1Matrix:                   [2.312666270285487e+02,-28.229222279451953,-62.410339116003165,-0.441762304857971]
f2Matrix:                   [-3.732142857142248e+03,1.056913265306002e+04,-1.066964285714207e+04,4.301967346938608e+03]
xInertial_to_yPixel_Matrix: [1.083333333333205e+03,-2.803571428571181e+03,2.581666666666509e+03,-6.464285714285385e+02]
yPixel_to_xInertial_Matrix: [1.365375302019536e-07,-3.510191587227176e-05,0.004868075404633,0.267290296706179]
